test:
    state: 0

    low_speed_offset_x: -0.005
    low_speed_offset_y: 0.038

    high_speed_offset_x: -0.073
    high_speed_offset_y: 0.028

    low_speed: 18
    high_speed: 30
    
    Intrinsic: [1286.906268299631, 0, 328.6938465008271,
                0, 1286.761872709148, 257.5511709566832, 
                0,   0,1]
    
    Coeff: [-0.07653075122383586, 0.09530517932570837,0 ,-0.00018343543428277, 0.001210161181833154]
    #坐标偏移量
    xyz_offset: [0,0,0]
    #角度偏移量
    angle_offset: [0,0]
    
    max_iter: 10

    stop_error: 0.001

    R_K_iter: 60

    R_CI: [-0.00827263 , 0.99996534, -0.0009344 ,  0.01710194,
            0.0546221  ,-0.00048115, -0.99850698,  0.03654678,
           -0.99847283 ,-0.00831132, -0.05461623, -0.43161892,
            0.         , 0.        ,  0.        ,  1.        ]


    R_IC: [-0.00827263,  0.0546221 , -0.99847283, -0.43281455,
            0.99996534, -0.00048115, -0.00831132, -0.02067109,
           -0.0009344 , -0.99850698, -0.05461623,  0.01293479,
            0.        ,  0.        ,  0.        ,  1.        ]

    T_CI: [0, 0, 0]

    


      
